260 3 1
0.006281 0.005676 0.001338
1
 0.006276 0.005623 0.001339 
1
 0.006278 0.005608 0.001341 
1
 0.006281 0.005599 0.001341 
1
 0.006308 0.005583 0.001341 
1
 0.006330 0.005567 0.001341 
1
 0.006385 0.005547 0.001340 
1
 0.006430 0.005500 0.001339 
1
 0.006479 0.005440 0.001337 
1
 0.006505 0.005386 0.001335 
1
 0.006521 0.005328 0.001332 
1
 0.006536 0.005295 0.001330 
1
 0.006545 0.005277 0.001329 
1
 0.006559 0.005247 0.001328 
1
 0.006552 0.005227 0.001329 
1
 0.006536 0.005231 0.001329 
1
 0.006497 0.005228 0.001331 
1
 0.006451 0.005255 0.001332 
1
 0.006414 0.005273 0.001334 
1
 0.006374 0.005322 0.001335 
1
 0.006348 0.005374 0.001336 
1
 0.006322 0.005426 0.001337 
1
 0.006290 0.005448 0.001339 
1
 0.006226 0.005446 0.001342 
1
 0.006135 0.005515 0.001346 
1
 0.006070 0.005661 0.001347 
1
 0.006076 0.005754 0.001348 
1
 0.006066 0.005802 0.001349 
1
 0.006079 0.005806 0.001349 
1
 0.006086 0.005791 0.001349 
1
 0.006097 0.005781 0.001349 
1
 0.006109 0.005787 0.001349 
1
 0.006100 0.005799 0.001349 
1
 0.006070 0.005802 0.001349 
1
 0.006032 0.005791 0.001349 
1
 0.006014 0.005785 0.001348 
1
 0.006018 0.005734 0.001348 
1
 0.006024 0.005723 0.001347 
1
 0.006010 0.005700 0.001346 
1
 0.006002 0.005663 0.001345 
1
 0.005992 0.005638 0.001344 
1
 0.005975 0.005612 0.001344 
1
 0.005984 0.005595 0.001343
1 
 0.005991 0.005584 0.001342 
1
 0.005984 0.005572 0.001341 
1
 0.005977 0.005558 0.001340 
1
 0.005970 0.005544 0.001340 
1
 0.005972 0.005535 0.001339 
1
 0.005980 0.005507 0.001338 
1
 0.006000 0.005479 0.001337 
1
 0.005998 0.005487 0.001336 
1
 0.005989 0.005499 0.001336 
1
 0.005986 0.005505 0.001335 
1
 0.005984 0.005510 0.001334 
1
 0.005987 0.005483 0.001333 
1
 0.005992 0.005472 0.001333 
1
 0.005998 0.005451 0.001332 
1
 0.005971 0.005435 0.001331 
1
 0.005950 0.005438 0.001331
1 
 0.005944 0.005440 0.001330 
1
 0.005952 0.005428 0.001330 
1
 0.005959 0.005442 0.001329 
1
 0.005975 0.005432 0.001328 
1
 0.005996 0.005402 0.001328 
1
 0.006014 0.005388 0.001327 
1
 0.006043 0.005379 0.001327 
1
 0.006039 0.005387 0.001326 
1
 0.006064 0.005374 0.001325 
1
 0.006073 0.005353 0.001325 
1
 0.006059 0.005348 0.001324 
1
 0.006070 0.005354 0.001324 
1
 0.006073 0.005331 0.001323 
1
 0.006067 0.005332 0.001322 
1
 0.006069 0.005315 0.001321 
1
 0.006081 0.005297 0.001321 
1
 0.006099 0.005280 0.001320 
1
 0.006101 0.005276 0.001320 
1
 0.006111 0.005245 0.001319 
1
 0.006124 0.005211 0.001319 
1
 0.006115 0.005178 0.001319 
1
 0.006128 0.005171 0.001318 
1
 0.006152 0.005182 0.001318
1 
 0.006188 0.005231 0.001317 
1
 0.006211 0.005285 0.001315 
1
 0.006246 0.005296 0.001315 
1
 0.006329 0.005270 0.001314 
1
 0.006368 0.005220 0.001313
1 
 0.006426 0.005178 0.001313 
1
 0.006470 0.005149 0.001313 
1
 0.006499 0.005138 0.001312 
1
 0.006518 0.005165 0.001312 
1
 0.006544 0.005189 0.001311 
1
 0.006564 0.005222 0.001311 
1
 0.006591 0.005246 0.001311 
1
 0.006596 0.005262 0.001311 
1
 0.006614 0.005293 0.001310 
1
 0.006638 0.005312 0.001310 
1
 0.006665 0.005328 0.001309 
1
 0.006683 0.005306 0.001309 
1
 0.006713 0.005290 0.001309 
1
 0.006749 0.005295 0.001308 
1
 0.006762 0.005286 0.001307 
1
 0.006782 0.005275 0.001306 
1
 0.006807 0.005260 0.001306 
1
 0.006828 0.005229 0.001305 
1
 0.006840 0.005224 0.001304 
1
 0.006896 0.005179 0.001302 
1
 0.006959 0.005177 0.001301 
1
 0.006986 0.005176 0.001299 
1
 0.007012 0.005187 0.001298 
1
 0.007038 0.005203 0.001297 
1
 0.007056 0.005212 0.001296 
1
 0.007073 0.005208 0.001295 
1
 0.007104 0.005205 0.001295 
1
 0.007125 0.005205 0.001294 
1
 0.007165 0.005210 0.001294 
1
 0.007213 0.005195 0.001293 
1
 0.007283 0.005139 0.001293 
1
 0.007360 0.005102 0.001293 
1
 0.007403 0.005079 0.001293 
1
 0.007427 0.005069 0.001293 
1
 0.007451 0.005070 0.001293 
1
 0.007476 0.005098 0.001293 
1
 0.007523 0.005134 0.001292 
1
 0.007546 0.005181 0.001292 
1
 0.007576 0.005205 0.001291
1 
 0.007626 0.005211 0.001291 
1
 0.007680 0.005230 0.001290 
1
 0.007719 0.005230 0.001290 
1
 0.007763 0.005201 0.001290 
1
 0.007788 0.005191 0.001290 
1
 0.007832 0.005176 0.001290 
1
 0.007863 0.005150 0.001290 
1
 0.007886 0.005142 0.001290 
1
 0.007920 0.005138 0.001289 
1
 0.007977 0.005138 0.001288 
1
 0.008044 0.005136 0.001287 
1
 0.008076 0.005148 0.001286 
1
 0.008115 0.005151 0.001285 
1
 0.008124 0.005159 0.001284 
1
 0.008128 0.005174 0.001283 
1
 0.008165 0.005180 0.001283 
1
 0.008223 0.005188 0.001283 
1
 0.008307 0.005206 0.001282 
1
 0.008471 0.005181 0.001281 
1
 0.008526 0.005173 0.001281 
1
 0.008625 0.005178 0.001280 
1
 0.008729 0.005165 0.001279 
1
 0.008831 0.005182 0.001279 
1
 0.008860 0.005190 0.001278 
1
 0.008886 0.005196 0.001278 
1
 0.008912 0.005193 0.001278 
1
 0.009015 0.005194 0.001277 
1
 0.009023 0.005164 0.001277 
1
 0.009087 0.005111 0.001277 
1
 0.009166 0.005054 0.001276 
1
 0.009212 0.005015 0.001276 
1
 0.009268 0.004989 0.001275 
1
 0.009290 0.004956 0.001275 
1
 0.009253 0.004910 0.001274 
1
 0.009218 0.004872 0.001274 
1
 0.009190 0.004850 0.001274 
1
 0.009132 0.004839 0.001273 
1
 0.009107 0.004830 0.001273 
1
 0.009072 0.004833 0.001272 
1
 0.009033 0.004855 0.001271 
1
 0.009007 0.004864 0.001271 
1
 0.008986 0.004881 0.001271 
1
 0.008939 0.004908 0.001272
1 
 0.008894 0.004905 0.001272 
1
 0.008867 0.004912 0.001272 
1
 0.008844 0.004909 0.001272 
1
 0.008806 0.004894 0.001273 
1
 0.008771 0.004885 0.001273 
1
 0.008734 0.004879 0.001273 
1
 0.008712 0.004877 0.001273 
1
 0.008691 0.004877 0.001273 
1
 0.008687 0.004879 0.001273 
1
   0.001362 0.004058 0.000665  
0
   0.001362 0.004077 0.000665  
0
   0.001362 0.004127 0.000666  
0
   0.001363 0.004155 0.000666  
0
   0.001359 0.004180 0.000667  
0
   0.001361 0.004182 0.000667  
0
   0.001361 0.004134 0.000667  
0
   0.001364 0.004109 0.000667  
0
   0.001368 0.004115 0.000668  
0
   0.001371 0.003923 0.000668  
0
   0.001377 0.003697 0.000668  
0
   0.001386 0.003445 0.000668  
0
   0.001399 0.003153 0.000669  
0
   0.001423 0.002848 0.000669  
0
   0.001430 0.002582 0.000671  
0
   0.001449 0.002314 0.000673  
0
   0.001478 0.002093 0.000675  
0
   0.001582 0.001950 0.000671  
0
   0.001697 0.001824 0.000669  
0
   0.001838 0.001716 0.000667  
0
   0.001999 0.001626 0.000665  
0
   0.002212 0.001560 0.000664  
0
   0.002461 0.001511 0.000664  
0
   0.002774 0.001473 0.000666  
0
   0.003131 0.001447 0.000667  
0
   0.003605 0.001430 0.000669  
0
   0.004249 0.001429 0.000681  
0
   0.004822 0.001424 0.000686  
0
   0.005439 0.001445 0.000691  
0
   0.006016 0.001455 0.000695  
0
   0.006510 0.001463 0.000696  
0
   0.007044 0.001464 0.000699  
0
   0.007347 0.001474 0.000698  
0
   0.007370 0.001482 0.000698  
0
   0.007495 0.001486 0.000700  
0
   0.007543 0.001484 0.000703  
0
   0.007705 0.001470 0.000702  
0
   0.007387 0.001478 0.000697  
0
   0.006886 0.001476 0.000701  
0
   0.006655 0.001459 0.000701  
0
   0.006414 0.001445 0.000699  
0
   0.005820 0.001437 0.000698  
0
   0.005209 0.001433 0.000697  
0
   0.004563 0.001425 0.000695  
0
   0.003811 0.001434 0.000685  
0
   0.003297 0.001446 0.000680  
0
   0.002885 0.001468 0.000677  
0
   0.002530 0.001501 0.000675  
0
   0.002245 0.001559 0.000673  
0
   0.002025 0.001642 0.000672  
0
   0.001851 0.001748 0.000668  
0
   0.001660 0.001873 0.000666  
0
   0.001531 0.002053 0.000662  
0
   0.001436 0.002294 0.000654  
0
   0.001418 0.002676 0.000651  
0
   0.001403 0.003085 0.000648  
0
   0.001393 0.003481 0.000647  
0
   0.001385 0.003782 0.000645  
0
   0.001377 0.004004 0.000644  
0
   0.001373 0.004139 0.000644  
0
   0.001367 0.004223 0.000644  
0
   0.001364 0.004303 0.000645  
0
   0.001361 0.004313 0.000645  
0
   0.001357 0.004356 0.000645  
0
   0.001352 0.004427 0.000645  
0
   0.001353 0.004565 0.000645  
0
   0.001355 0.004726 0.000644  
0
   0.001356 0.005001 0.000644  
0
   0.001353 0.005428 0.000643  
0
   0.001352 0.006066 0.000643  
0
   0.001352 0.007144 0.000643  
0
   0.001359 0.009125 0.000644  
0
   0.001370 0.013659 0.000645  
0
   0.001386 0.032605 0.000647  
0
   0.001407 -0.062753 0.000649  
0
   0.001391 -0.013790 0.000652  
0
   0.001402 -0.007610 0.000655  
0
   0.001454 -0.005101 0.000658  
0
   0.001519 -0.003898 0.000661  
0
   0.001598 -0.003214 0.000661  
0
   0.001733 -0.002742 0.000664  
0
   0.001907 -0.002451 0.000668  
0
  0.001134 0.004521 0.000704  
0
  0.001136 0.004556 0.000704  
0
  0.001132 0.004544 0.000705  
0
  0.001134 0.004602 0.000705  
0
  0.001138 0.004915 0.000706  
0
  0.001130 0.005054 0.000706  
0
  0.001128 0.005112 0.000707  
0
  0.001125 0.005483 0.000709  
0
  0.001135 0.005769 0.000709  
0
  0.001127 0.006032 0.000710  
0
  0.001128 0.006328 0.000709  
0
  0.001133 0.006636 0.000710  
0
  0.001135 0.006829 0.000711  
0
  0.001132 0.007115 0.000710  
0
  0.001134 0.007252 0.000710  
0
  0.001133 0.007365 0.000710  
0
  0.001134 0.007074 0.000711  
0
  0.001134 0.007007 0.000711  
0
  0.001135 0.006966 0.000712  
0
  0.001134 0.006909 0.000712  
0
  0.001132 0.006940 0.000712  
0
  0.001129 0.006858 0.000711  
0
  0.001128 0.006835 0.000711  
0
  0.001127 0.006866 0.000711  
0
  0.001129 0.006825 0.000711  
0
  0.001129 0.006810 0.000710  
0
  0.001129 0.006819 0.000711  
0
  0.001129 0.006826 0.000710  
0
  0.001128 0.006866 0.000710  
0
  0.001130 0.006809 0.000710  
0
  0.001131 0.006823 0.000711  
0
  0.001130 0.006799 0.000711  
0
  0.001129 0.006857 0.000711  
0
  0.001130 0.006852 0.000712  
0
  0.001129 0.006857 0.000712  
0
  0.001129 0.006897 0.000711  
0
  0.001130 0.006723 0.000711  
0
  0.001131 0.006304 0.000711  
0
  0.001131 0.006214 0.000710  
0
  0.001129 0.006191 0.000710  
0
  0.001129 0.006268 0.000709  
0
  0.001130 0.006098 0.000710  
0
  0.001131 0.006048 0.000711  
0
  0.001132 0.006104 0.000711  
0
  0.001134 0.006078 0.000712  
0
  0.001133 0.006021 0.000711  
0
  0.001135 0.006087 0.000711  
0
  0.001128 0.006222 0.000712  
0
  0.001125 0.006542 0.000712  
0
  0.001131 0.006735 0.000713  
0
  0.001132 0.007250 0.000713  
0
  0.001129 0.007953 0.000714  
0
  0.001132 0.009319 0.000715  
0
  0.001134 0.011996 0.000716  
0
  0.001138 0.016777 0.000717  
0
  0.001142 0.027791 0.000719  
0
  0.001150 0.113040 0.000720  
0
  0.001159 -0.052987 0.000719  
0
  0.001146 0.004538 0.000726  
0
  0.001146 0.004805 0.000727  
0
  0.001144 0.005086 0.000728  
0
  0.001145 0.005506 0.000731  
0
  0.001142 0.006123 0.000731  
0
  0.001145 0.006585 0.000732  
0
  0.001143 0.007453 0.000733  
0
  0.001147 0.007855 0.000734  
0
  0.001146 0.009094 0.000735  
0
  0.001146 0.010016 0.000735  
0
  0.001145 0.010634 0.000734  
0
  0.001145 0.011885 0.000734  
0
  0.001140 0.013661 0.000733  
0
  0.001142 0.013943 0.000732  
0
  0.001140 0.013544 0.000733  
0
  0.001141 0.012334 0.000733  
0
  0.001140 0.012215 0.000732  
0
  0.001139 0.011696 0.000732  
0
  0.001141 0.011583 0.000733  
0
  0.001140 0.010870 0.000733  
0
  0.001142 0.009754 0.000734  
0
  0.001143 0.009039 0.000734  
0
  0.001143 0.008698 0.000734  
0
  0.001145 0.008485 0.000735  
0
  0.001144 0.008403 0.000734  
0
  0.001145 0.008515 0.000734  
0
  0.001148 0.008547 0.000735  
0
  0.001141 0.008640 0.000735  
0
  0.001143 0.008442 0.000734  
0
  0.001143 0.008349 0.000734  
0
  0.001142 0.008418 0.000733  
0
  0.001141 0.008448 0.000733  
0
  0.001142 0.008343 0.000733  
0
  0.001143 0.008461 0.000732  
0
  0.001138 0.008524 0.000732  
0
  0.001139 0.008462 0.000732  
0
  0.001139 0.008491 0.000732  
0
  0.001138 0.008519 0.000732  
0
  0.001138 0.008490 0.000731  
0
  0.001140 0.008539 0.000731  
0
  0.001140 0.008506 0.000731  
0
  0.001141 0.008465 0.000731  
0
  0.001138 0.008557 0.000732  
0
  0.001139 0.008700 0.000731  
0
  0.001136 0.008708 0.000731  
0
  0.001139 0.008451 0.000731  
0
  0.001140 0.008370 0.000731  
0
  0.001141 0.008312 0.000730  
0
  0.001144 0.008175 0.000730  
0
  0.001140 0.008178 0.000730  
0
  0.001140 0.008175 0.000730  
0
  0.001141 0.008090 0.000730  
0
  0.001141 0.008095 0.000729  
0
  0.001138 0.008254 0.000729  
0
  0.001137 0.008411 0.000728  
0
  0.001136 0.008488 0.000727  
0
  0.001137 0.008476 0.000727  
0
  0.001141 0.008413 0.000728  
0
  0.001135 0.008272 0.000728  
0
  0.001134 0.008404 0.000727  
0
  0.001136 0.008255 0.000726  
0
  0.001136 0.008218 0.000725  
0
  0.001137 0.008295 0.000725  
0
  0.001137 0.008335 0.000725  
0
  0.001138 0.008314 0.000726  
0
  0.001138 0.008180 0.000726  
0
  0.001139 0.008329 0.000726  
0
  0.001136 0.009297 0.000724  
0
  0.001133 0.010169 0.000724  
0
  0.001133 0.010651 0.000724  
0
  0.001135 0.010914 0.000724  
0
  0.001132 0.011372 0.000724  
0
  0.001133 0.013616 0.000724  
0
  0.001133 0.015492 0.000724  
0
  0.001135 0.018794 0.000725  
0
  0.001141 0.031016 0.000726  
0
  0.001150 0.458412 0.000728  
0
  0.001172 -0.022703 0.000730  
0
  -0.006909 0.016410 0.000841  
0
  -0.006600 0.010599 0.000842  
0
  -0.006639 0.008303 0.000842  
0
  -0.006446 0.007514 0.000841  
0
  -0.006457 0.007217 0.000842  
0
  -0.006184 0.007167 0.000841  
0
  -0.006154 0.007373 0.000845  
0
  -0.006158 0.007736 0.000847  
0
  -0.006224 0.008219 0.000849  
0
  -0.006165 0.008655 0.000851  
0
  -0.006293 0.008857 0.000854  
0
  -0.006240 0.009265 0.000857  
0
  -0.006162 0.009437 0.000859  
0
  -0.006159 0.009547 0.000862  
0
  -0.006147 0.009784 0.000864  
0
  -0.006152 0.009880 0.000865  
0
  -0.006115 0.009742 0.000868  
0
  -0.006100 0.009881 0.000870  
0
  -0.005982 0.009943 0.000870  
0
  -0.005994 0.009949 0.000871  
0
  -0.006001 0.009832 0.000871  
0
  -0.006011 0.009862 0.000872  
0
  -0.006017 0.010074 0.000871  
0
  -0.006070 0.010349 0.000873  
0
  -0.006044 0.010386 0.000873  
0
  -0.006077 0.010544 0.000874  
0
  -0.005998 0.010645 0.000874  
0
  -0.005994 0.010780 0.000876  
0
  -0.005987 0.010756 0.000876  
0
  -0.005991 0.010811 0.000877  
0
  -0.005991 0.010884 0.000878  
0
  -0.005864 0.011058 0.000878  
0
  -0.005792 0.011030 0.000879  
0
  -0.005697 0.011132 0.000880  
0
  -0.005637 0.011136 0.000882  
0
  -0.005653 0.010983 0.000884  
0
  -0.005577 0.011123 0.000885  
0
  -0.005557 0.011281 0.000886  
0
  -0.005555 0.010973 0.000888  
0
  -0.005540 0.010825 0.000890  
0
  -0.005463 0.010731 0.000889  
0
  -0.005329 0.010854 0.000891  
0
  -0.005221 0.011288 0.000893  
0
  -0.005228 0.011536 0.000893  
0
  -0.005212 0.012571 0.000893  
0
  -0.005243 0.014837 0.000892  
0
  -0.005336 0.020987 0.000887  
0
  -0.005837 0.054585 0.000879  
0
  -0.006569 -0.036028 0.000871  
0

0

0

0



