161 3 1
-0.001495 0.003310 0.000721
1
-0.001478 0.003324 0.000719
1
-0.001503 0.003437 0.000729
1
-0.001544 0.003425 0.000752
1
-0.001642 0.003900 0.000717
1
-0.001624 0.003772 0.000762
1
-0.001811 0.005116 0.000817
1
-0.001805 0.005109 0.000821
1
-0.001793 0.005106 0.000824
1
-0.001774 0.005159 0.000827
1
-0.001765 0.005188 0.000831
1
-0.001753 0.005194 0.000835
1
-0.001738 0.005201 0.000838
1
-0.001724 0.005190 0.000842
1
-0.001710 0.005202 0.000846
1
-0.001694 0.005200 0.000850
1
-0.001679 0.005219 0.000855
1
-0.001670 0.005201 0.000860
1
-0.001655 0.005224 0.000866
1
-0.001644 0.005291 0.000871
1
-0.001636 0.005297 0.000878
1
-0.001624 0.005334 0.000884
1
-0.001615 0.005359 0.000891
1
-0.001607 0.005416 0.000898
1
-0.001594 0.005409 0.000906
1
-0.013000  -0.002437  0.00078
0
-0.014986  -0.002416  0.000786   
0
-0.017625  -0.002418  0.000786   
0
-0.020643  -0.002380  0.000787   
0
  -0.023845  -0.002390  0.000786     
0
  -0.028041  -0.002381  0.000786     
0
  -0.031151  -0.002384  0.000786
0     
  -0.034179  -0.002384  0.000785     
0
  -0.040003  -0.002386  0.000785     
0
  -0.045338  -0.002375  0.000785     
0
  -0.049140  -0.002377  0.000784     
0
  -0.055614  -0.002366  0.000783     
0
  -0.059302  -0.002374  0.000783     
0
  -0.064393  -0.002404  0.000782     
0
  -0.070489  -0.002396  0.000781     
0
  -0.077992  -0.002377  0.000781     
0
  -0.090126  -0.002385  0.000781     
0
  -0.093035  -0.002382  0.000781     
0
  -0.098869  -0.002372  0.000782     
0
  -0.104629  -0.002354  0.000781     
0
  -0.102266  -0.002361  0.000781     
0
  -0.107827  -0.002350  0.000782     
0
  -0.109760  -0.002342  0.000783     
0
  -0.099895  -0.002349  0.000782     
0
  -0.091719  -0.002343  0.000782     
0
  -0.089161  -0.002350  0.000782     
0
  -0.093432  -0.002348  0.000782     
0
  -0.090191  -0.002364  0.000782     
0
  -0.085866  -0.002358  0.000781     
0
  -0.085299  -0.002339  0.000781     
0
  -0.076752  -0.002350  0.000781     
0
  -0.071790  -0.002360  0.000780     
0
  -0.071554  -0.002346  0.000780     
0
  -0.067283  -0.002356  0.000779     
0
  -0.064644  -0.002368  0.000779     
0
  -0.060731  -0.002378  0.000778     
0
  -0.060267  -0.002364  0.000778     
0
  -0.058739  -0.002349  0.000778     
0
  -0.058026  -0.002349  0.000778     
0
  -0.054890  -0.002347  0.000778     
0
  -0.053840  -0.002353  0.000778     
0
  -0.053702  -0.002351  0.000778     
0
  -0.052634  -0.002335  0.000778     
0
  -0.051166  -0.002346  0.000777     
0
  -0.050364  -0.002346  0.000777     
0
  -0.050931  -0.002356  0.000777     
0
  -0.049679  -0.002358  0.000777     
0
  -0.050792  -0.002353  0.000777     
0
  -0.050332  -0.002349  0.000777     
0
  -0.050197  -0.002343  0.000777     
0
  -0.050884  -0.002344  0.000777     
0
  -0.049283  -0.002346  0.000777     
0
  -0.050674  -0.002352  0.000777     
0
  -0.049906  -0.002356  0.000777     
0
  -0.050238  -0.002341  0.000776     
0
  -0.049343  -0.002355  0.000776     
0
  -0.051329  -0.002354  0.000776     
0
  -0.051439  -0.002336  0.000775     
0
  -0.051092  -0.002346  0.000775     
0
  -0.052965  -0.002343  0.000775     
0
  -0.052250  -0.002359  0.000775     
0
  -0.053569  -0.002372  0.000774     
0
  -0.054568  -0.002363  0.000775     
0
  -0.055330  -0.002337  0.000776     
0
  -0.057052  -0.002371  0.000776     
0
  -0.058756  -0.002370  0.000777     
0
  -0.056104  -0.002365  0.000778     
0
  -0.057501  -0.002357  0.000778     
0
  -0.057386  -0.002362  0.000777     
0
  -0.054929  -0.002368  0.000776     
0
  -0.054232  -0.002364  0.000776     
0
  -0.055638  -0.002353  0.000775     
0
  -0.052559  -0.002362  0.000775     
0
  -0.052250  -0.002357  0.000775     
0
  -0.052780  -0.002358  0.000776     
0
  -0.051357  -0.002366  0.000776     
0
  -0.051388  -0.002362  0.000776     
0
  -0.050078  -0.002356  0.000776     
0
  -0.048745  -0.002349  0.000776     
0
  -0.049130  -0.002369  0.000776     
0
  -0.049389  -0.002360  0.000776     
0
  -0.049150  -0.002352  0.000777     
0
  -0.048422  -0.002403  0.000778     
0
  -0.046961  -0.002382  0.000778     
0
  -0.046495  -0.002360  0.000778     
0
  -0.045542  -0.002364  0.000778     
0
  -0.045234  -0.002363  0.000778     
0
  -0.045517  -0.002350  0.000777     
0
  -0.045596  -0.002346  0.000778     
0
  -0.043791  -0.002355  0.000778     
0
  -0.042633  -0.002360  0.000778     
0
  -0.042233  -0.002372  0.000778     
0
  -0.042190  -0.002366  0.000778     
0
  -0.040704  -0.002353  0.000778     
0
  -0.040187  -0.002361  0.000778     
0
  -0.041352  -0.002365  0.000778     
0
  -0.039270  -0.002378  0.000778     
0
  -0.039695  -0.002359  0.000778     
0
  -0.038948  -0.002357  0.000779     
0
  -0.037219  -0.002347  0.000780     
0
  -0.035129  -0.002375  0.000779     
0
  -0.033868  -0.002355  0.000779     
0
  -0.031977  -0.002350  0.000779     
0
  -0.030692  -0.002363  0.000779     
0
  -0.028940  -0.002374  0.000779     
0
  -0.026877  -0.002367  0.000779     
0
  -0.025532  -0.002370  0.000779     
0
  -0.023805  -0.002375  0.000779     
0
  -0.021702  -0.002372  0.000779     
0
  -0.019754  -0.002381  0.000779     
0
  -0.017864  -0.002370  0.000780     
0
  -0.016207  -0.002365  0.000780     
0
  -0.014848  -0.002362  0.000782     
0
  -0.013797  -0.002365  0.000783     
0
  -0.012720  -0.002391  0.000785     
0
  -0.011907  -0.002380  0.000785     
0
  -0.011303  -0.002349  0.000785     
0
  -0.010937  -0.002343  0.000785     
0
  -0.010503  -0.002334  0.000784     
0
  -0.010238  -0.002344  0.000783     
0
  -0.009990  -0.002344  0.000780     
0
  -0.010028  -0.002328  0.000776     
0
  -0.010005  -0.002330  0.000772     
0
  -0.010025  -0.002329  0.000768     
0
  -0.010300  -0.002346  0.000762     
0
  -0.010567  -0.002347  0.000756     
0
  -0.010982  -0.002349  0.000750     
0
  -0.011680  -0.002349  0.000743     
0
  -0.012483  -0.002364  0.000736     
0
  -0.013637  -0.002359  0.000729     
0
  -0.015305  -0.002346  0.000723     
0
  -0.018288  -0.002327  0.000716     
0
  -0.022343  -0.002313  0.000709     
0
  -0.029067  -0.002291  0.000702     
0
  -0.046842  -0.002286  0.000695     
0
  -0.102362  -0.002246  0.000687     
0
  0.710278  -0.002244  0.000681     
0


